48676
39807
25731
49653
46750
54118
64453
26355
20696
29743
49980
25538
33172
49547
11066
61199
25404
35896
31405
41664
40388
20998
61880
64196
58409
1115
4385
36571
35405
44886
34504
59270
22458
2218
49520
5539
32
13495
29307
58337
40308
30353
47580
28418
19401
44262
33568
45188
37022
24123
53423
29910
36917
6870
40979
56489
39115
22180
30251
55060
11817
51445
61400
35287
17859
22570
21131
54403
42272
39900
41704
40205
32593
54644
20007
24146
17365
44389
47072
9665
42663
5877
47364
21257
59303
1423
14578
44366
17503
29044
58966
52115
56214
57013
50639
5059
33597
52294
55238
19308
41116
17137
47204
39191
50503
4153
33659
809
2690
63671
54821
46156
5589
33881
55095
15077
42389
42237
19140
25597
6310
53764
55828
26714
51902
49541
40065
46671
23329
26102
13736
27283
8437
34327
25984
24679
39502
10329
65169
58257
35854
11198
57546
24501
42301
4578
52170
44630
45645
342
50410
51668
193
63639
2873
65055
21320
41225
31050
8636
22237
2774
2384
51658
41996
13951
28343
50061
2366
54163
20680
50349
50564
11737
18115
14900
62341
20230
57024
19558
13194
54222
32994
40110
34665
35638
9922
24912
48184
26482
38770
25252
61906
35863
2438
62915
10333
56961
53780
31397
58753
44834
45170
40506
16150
9530
38409
52813
64739
38572
46888
62209
14348
62245
43120
51969
25131
47449
11173
49688
200
26185
43419
63516
37320
3694
46273
34389
62227
30380
3038
7608
39123
62442
40472
30478
47993
64569
60289
369
9746
22426
40868
59832
14389
28991
30919
18626
8609
24734
63125
44379
2620
54340
6187
41690
17516
21263
52275
32188
27434
3034
63553
63007
22012
11183
63178
43678
39996
63391
40938
61346
19535
32232
55285
38274
60319
59822
58038
64836
34477
29306
31439
46782
57029
39962
48305
27988
49607
24980
7121
28889
35204
54847
53752
10466
12423
26435
62309
6014
31524
56835
45507
16403
23120
32115
29575
13693
62392
33101
34767
18974
64690
6891
10212
19366
17749
64594
39511
27874
13245
4856
3932
63608
24066
16765
52727
47647
39293
30140
38112
46819
30855
12306
27702
29385
57922
32078
17655
10416
56158
5834
38034
43788
47309
10281
64641
12090
24185
30741
4932
48098
17026
64900
38001
60302
10659
26038
54292
59751
49439
40097
64914
7463
48803
61926
51972
42818
15551
9269
22176
15568
60278
9278
63385
61134
65044
13145
50749
8036
45624
39170
6924
11478
58901
16832
51597
57982
36249
29083
54454
26401
23969
20769
14209
25416
47610
34135
7022
23569
44235
34300
28708
34303
21639
53691
30142
35085
1735
2622
3678
8919
13030
512
58903
13964
31932
47212
64023
33625
20326
34181
15224
58098
22244
29250
59305
63851
34477
5454
23071
42884
2252
45573
10484
16270
11603
47328
6984
32060
4757
55790
13222
12
46341
21262
38413
39227
42620
361
26479
5922
12790
32639
65238
29460
55087
33811
28229
57952
4817
4629
52755
26947
26759
25264
2016
13762
50804
55659
35350
25211
6603
39551
12573
23880
23575
24084
25403
15526
26007
62385
24308
59407
25525
14428
52440
21699
16615
27617
62490
55328
30160
16042
24711
62710
22547
19918
12184
14481
54004
16074
42179
119
42392
15294
37339
2461
31874
11451
49925
51008
1021
61000
7439
59593
431
45514
54462
34200
35152
11620
58566
55636
64702
53009
12765
46563
4062
38417
6207
5994
58853
54957
5848
1358
19774
4831
4561
61160
29281
22328
2890
28235
15825
35371
64827
9395
12198
46433
44450
46573
30781
10486
22015
40915
27574
6054
60299
19345
12700
56704
54767
42481
50431
63641
14834
21615
22613
2347
27537
11483
60771
11299
4814
32509
12508
11591
30484
31013
17710
25783
55850
5184
19668
23232
56297
32805
62512
19825
20226
40813
35400
30952
27718
18886
4152
7802
55273
28286
1532
3003
54047
56566
12705
10564
20137
8352
37128
65126
26716
6069
36805
14962
26929
29075
18240
6898
19030
12807
24673
55155
33175
29543
22812
17486
44781
37189
48733
20020
18946
29238
63770
15392
40372
65424
52608
17773
60587
53174
41436
47653
11272
20853
10734
64601
13163
16081
38768
57073
58137
490
62350
45308
38257
59802
39817
39009
12070
21317
61102
46134
29967
13896
18836
25118
38537
4567
17535
35650
27337
4631
29940
59619
65096
11061
26443
7782
13847
58156
12495
31623
28999
60278
32620
23805
53104
34023
56885
57583
46675
55265
36726
61195
8866
64578
47754
7766
32933
52431
12061
34066
11145
58392
60797
62900
11667
15047
21945
5851
35491
60290
767
26652
53640
7438
11895
59992
10775
8860
4850
21584
52609
35378
22952
35821
14130
15466
38284
24063
17827
36184
20395
63912
34664
24234
2220
42582
39087
19776
54117
9037
31576
37567
6032
33504
26463
25679
33612
35124
38263
27926
60344
19423
53746
45848
41333
13397
17734
2729
43740
36754
20862
58670
7209
31259
56132
5756
60219
29724
63932
22073
47595
65216
13574
9021
5311
54788
65393
916
3333
12620
29722
18271
15009
48489
5800
48375
31721
3216
64928
37988
63135
6272
39771
54508
15647
16545
5068
46110
13283
17896
32319
10259
40559
2223
38316
45352
42283
56805
40659
28793
20623
55622
54505
45526
55009
21919
37612
32892
47493
50001
64612
14180
27422
35812
56145
12043
33144
57441
13793
17699
4818
2840
11306
30006
42676
23844
38944
44510
17556
53318
48979
31575
26378
48896
59931
42955
34498
45960
40412
6749
13783
53821
29511
45495
24572
8754
27958
41962
51036
17990
25608
50755
42539
46968
37862
39510
62265
24009
56509
54355
61841
25722
30913
24527
53532
16611
15645
30244
28315
17651
14065
51740
64532
28550
12470
60048
9842
61931
24678
63178
23050
35533
57551
26234
7033
8246
20321
45493
7762
11259
53003
61042
17482
40093
5944
15940
65362
51257
8057
2815
33998
17386
23436
22986
49333
45175
33789
54314
17032
26959
13455
56275
17585
5343
36410
817
5681
14805
52755
28515
20546
37846
59497
62336
27189
4032
40555
32356
3956
17531
55493
48724
35518
21795
59775
36550
12302
23814
32375
59050
51536
35088
50044
65301
6729
36249
27178
23895
56101
14108
60936
18047
26709
59472
36791
65403
34510
13600
47598
39587
16098
47009
4491
5015
2764
18290
36503
9091
37355
62569
4534
46082
25631
24576
55259
46218
45681
9511
34763
34700
49410
2311
57841
22399
47867
20548
5634
41856
